SNP,effect_allele.exposure,other_allele.exposure,effect_allele.outcome,other_allele.outcome,beta.exposure,beta.outcome,eaf.exposure,eaf.outcome,remove,palindromic,ambiguous,id.outcome,se.outcome,z.outcome,pval.outcome,samplesize.outcome,outcome,mr_keep.outcome,pval_origin.outcome,proxy.outcome,target_snp.outcome,proxy_snp.outcome,target_a1.outcome,target_a2.outcome,proxy_a1.outcome,proxy_a2.outcome,se.exposure,z.exposure,pval.exposure,samplesize.exposure,exposure,mr_keep.exposure,pval_origin.exposure,id.exposure,action,mr_keep,pt,mrpresso_RSSobs,mrpresso_pval,mrpresso_keep
rs10001365,A,G,A,G,-0.0106,0.007693000000000001,0.405,0.436545,FALSE,FALSE,FALSE,pagCsV,0.004089,1.881389092687699,0.060039999999999996,3146,Deming2017ab42,TRUE,reported,NA,NA,NA,NA,NA,NA,NA,0.0018,-5.888888888888889,6.65e-12,632802,Liu2019smkint,TRUE,reported,fLRAMd,2,TRUE,5e-8,NA,NA,TRUE
rs1004787,A,G,A,G,0.0124,-0.002766,0.581,0.572651,FALSE,FALSE,FALSE,pagCsV,0.004124,-0.670708,0.5024,3146,Deming2017ab42,TRUE,reported,NA,NA,NA,NA,NA,NA,NA,0.0017800000000000001,6.96629213483146,5.2700000000000005e-17,632802,Liu2019smkint,TRUE,reported,fLRAMd,2,TRUE,5e-8,NA,NA,TRUE
rs10159545,G,C,G,C,0.0126,-0.0018920000000000002,0.375,0.363653,FALSE,TRUE,FALSE,pagCsV,0.004277,-0.44236614449380407,0.6583,3146,Deming2017ab42,TRUE,reported,TRUE,rs10159545,rs10828246,G,C,C,T,0.0018600000000000001,6.774193548387096,1.84e-12,632802,Liu2019smkint,TRUE,reported,fLRAMd,2,TRUE,5e-8,NA,NA,TRUE
rs10233018,G,A,G,A,0.0132,-0.004566,0.503,0.610605,FALSE,FALSE,FALSE,pagCsV,0.004065999999999999,-1.12297,0.2616,3146,Deming2017ab42,TRUE,reported,NA,NA,NA,NA,NA,NA,NA,0.0017699999999999999,7.457627118644068,2.75e-14,632802,Liu2019smkint,TRUE,reported,fLRAMd,2,TRUE,5e-8,NA,NA,TRUE
rs10260968,A,G,A,G,-0.00885,-0.007591,0.597,0.559701,FALSE,FALSE,FALSE,pagCsV,0.004106,-1.84876,0.06462999999999999,3146,Deming2017ab42,TRUE,reported,NA,NA,NA,NA,NA,NA,NA,0.0017800000000000001,-4.97191011235955,1.75e-8,632802,Liu2019smkint,TRUE,reported,fLRAMd,2,TRUE,5e-8,NA,NA,TRUE
rs10279261,A,G,A,G,-0.0101,-0.004049,0.619,0.625636,FALSE,FALSE,FALSE,pagCsV,0.004193,-0.965657,0.3343,3146,Deming2017ab42,TRUE,reported,NA,NA,NA,NA,NA,NA,NA,0.00187,-5.401069518716578,5e-9,632802,Liu2019smkint,TRUE,reported,fLRAMd,2,TRUE,5e-8,NA,NA,TRUE
rs10490159,T,C,T,C,0.0117,-0.004343,0.388,0.346294,FALSE,FALSE,FALSE,pagCsV,0.004185,-1.0377538829151731,0.2994,3146,Deming2017ab42,TRUE,reported,NA,NA,NA,NA,NA,NA,NA,0.0018100000000000002,6.4640883977900545,2.59e-9,632802,Liu2019smkint,TRUE,reported,fLRAMd,2,TRUE,5e-8,NA,NA,TRUE
rs10498846,T,C,T,C,0.009059999999999999,-1.1570000000000001e-4,0.473,0.468437,FALSE,FALSE,FALSE,pagCsV,0.0041259999999999995,-0.0280416868637906,0.9776,3146,Deming2017ab42,TRUE,reported,TRUE,rs10498846,rs10455615,T,C,G,T,0.0017800000000000001,5.0898876404494375,6.620000000000001e-9,632802,Liu2019smkint,TRUE,reported,fLRAMd,2,TRUE,5e-8,NA,NA,TRUE
rs10905461,C,T,C,T,-0.0107,-0.008878,0.718,0.778968,FALSE,FALSE,FALSE,pagCsV,0.00463,-1.91749,0.05525,3146,Deming2017ab42,TRUE,reported,NA,NA,NA,NA,NA,NA,NA,0.00207,-5.169082125603865,7.35e-9,632802,Liu2019smkint,TRUE,reported,fLRAMd,2,TRUE,5e-8,NA,NA,TRUE
rs10945141,A,G,A,G,0.00825,-0.001911,0.262,0.222524,FALSE,FALSE,FALSE,pagCsV,0.004504,-0.4242895204262877,0.6714,3146,Deming2017ab42,TRUE,reported,NA,NA,NA,NA,NA,NA,NA,0.00199,4.1457286432160805,4.18e-8,632802,Liu2019smkint,TRUE,reported,fLRAMd,2,TRUE,5e-8,NA,NA,TRUE
rs10956809,C,G,C,G,-0.00809,-0.004899000000000001,0.442,0.494733,FALSE,TRUE,TRUE,pagCsV,0.004144,-1.18219111969112,0.2372,3146,Deming2017ab42,TRUE,reported,NA,NA,NA,NA,NA,NA,NA,0.0017800000000000001,-4.544943820224719,6.32e-9,632802,Liu2019smkint,TRUE,reported,fLRAMd,2,FALSE,5e-8,NA,NA,NA
rs11057005,G,A,G,A,-0.0104,-0.002391,0.43,0.51626,FALSE,FALSE,FALSE,pagCsV,0.0043490000000000004,-0.5497815589790755,0.5826,3146,Deming2017ab42,TRUE,reported,NA,NA,NA,NA,NA,NA,NA,0.0018,-5.777777777777778,4.85e-9,632802,Liu2019smkint,TRUE,reported,fLRAMd,2,TRUE,5e-8,NA,NA,TRUE
rs11078713,G,A,G,A,-0.0084,0.0018670000000000002,0.454,0.447712,FALSE,FALSE,FALSE,pagCsV,0.004236,0.4407459867799811,0.6594,3146,Deming2017ab42,TRUE,reported,NA,NA,NA,NA,NA,NA,NA,0.00182,-4.615384615384615,2.23e-8,632802,Liu2019smkint,TRUE,reported,fLRAMd,2,TRUE,5e-8,NA,NA,TRUE
rs11135030,T,C,T,C,0.00823,0.004605,0.309,0.316249,FALSE,FALSE,FALSE,pagCsV,0.00458,1.0054585152838427,0.3148,3146,Deming2017ab42,TRUE,reported,NA,NA,NA,NA,NA,NA,NA,0.00193,4.264248704663212,4.41e-9,632802,Liu2019smkint,TRUE,reported,fLRAMd,2,TRUE,5e-8,NA,NA,TRUE
rs1154693,G,A,G,A,0.0145,0.003777,0.856,0.85202,FALSE,FALSE,FALSE,pagCsV,0.005607,0.673622,0.5006,3146,Deming2017ab42,TRUE,reported,NA,NA,NA,NA,NA,NA,NA,0.00247,5.870445344129555,3.12e-11,632802,Liu2019smkint,TRUE,reported,fLRAMd,2,TRUE,5e-8,NA,NA,TRUE
rs1160685,G,C,G,C,0.00988,-0.001696,0.478,0.407286,FALSE,TRUE,TRUE,pagCsV,0.004051,-0.4186620587509257,0.6756,3146,Deming2017ab42,TRUE,reported,NA,NA,NA,NA,NA,NA,NA,0.0017800000000000001,5.550561797752809,7.2e-9,632802,Liu2019smkint,TRUE,reported,fLRAMd,2,FALSE,5e-8,NA,NA,NA
rs11658881,G,A,G,A,0.00946,-0.002215,0.418,0.398364,FALSE,FALSE,FALSE,pagCsV,0.004113,-0.5385363481643569,0.5903,3146,Deming2017ab42,TRUE,reported,NA,NA,NA,NA,NA,NA,NA,0.0018,5.2555555555555555,2.4300000000000003e-8,632802,Liu2019smkint,TRUE,reported,fLRAMd,2,TRUE,5e-8,NA,NA,TRUE
rs11712680,C,A,C,A,-0.0126,0.001198,0.174,0.180863,FALSE,FALSE,FALSE,pagCsV,0.005052,0.23713380839271578,0.8126,3146,Deming2017ab42,TRUE,reported,NA,NA,NA,NA,NA,NA,NA,0.00225,-5.6000000000000005,3.5100000000000005e-9,632802,Liu2019smkint,TRUE,reported,fLRAMd,2,TRUE,5e-8,NA,NA,TRUE
rs117143374,C,T,C,T,0.0125,0.005177,0.12,0.130831,FALSE,FALSE,FALSE,pagCsV,0.006213000000000001,0.8332528569129245,0.4047,3146,Deming2017ab42,TRUE,reported,NA,NA,NA,NA,NA,NA,NA,0.0027199999999999998,4.595588235294119,2.76e-8,632802,Liu2019smkint,TRUE,reported,fLRAMd,2,TRUE,5e-8,NA,NA,TRUE
rs11716779,G,A,G,A,0.00834,9.037000000000001e-4,0.245,0.209906,FALSE,FALSE,FALSE,pagCsV,0.004642,0.19467901766479967,0.8457,3146,Deming2017ab42,TRUE,reported,NA,NA,NA,NA,NA,NA,NA,0.002,4.17,4.88e-8,632802,Liu2019smkint,TRUE,reported,fLRAMd,2,TRUE,5e-8,NA,NA,TRUE
rs11721059,T,C,T,C,0.00895,-0.005059,0.474,0.441486,FALSE,FALSE,FALSE,pagCsV,0.004037,-1.2531582858558337,0.2102,3146,Deming2017ab42,TRUE,reported,NA,NA,NA,NA,NA,NA,NA,0.0017699999999999999,5.056497175141243,2.17e-8,632802,Liu2019smkint,TRUE,reported,fLRAMd,2,TRUE,5e-8,NA,NA,TRUE
rs11872397,A,G,A,G,-0.012,-0.00452,0.252,0.253988,FALSE,FALSE,FALSE,pagCsV,0.004582999999999999,0.986254,0.3241,3146,Deming2017ab42,TRUE,reported,TRUE,rs11872397,rs12607948,G,A,C,A,0.00206,-5.825242718446601,1.4300000000000002e-9,632802,Liu2019smkint,TRUE,reported,fLRAMd,2,TRUE,5e-8,NA,NA,TRUE
rs11873164,T,C,T,C,-0.0135,0.00502,0.135,0.159934,FALSE,FALSE,FALSE,pagCsV,0.005792,0.8667127071823204,0.3861,3146,Deming2017ab42,TRUE,reported,NA,NA,NA,NA,NA,NA,NA,0.00248,-5.443548387096774,1.31e-8,632802,Liu2019smkint,TRUE,reported,fLRAMd,2,TRUE,5e-8,NA,NA,TRUE
rs12027999,C,T,C,T,-0.0143,-9.343e-4,0.124,0.110784,FALSE,FALSE,FALSE,pagCsV,0.006475,-0.1442934362934363,0.8853,3146,Deming2017ab42,TRUE,reported,NA,NA,NA,NA,NA,NA,NA,0.00267,-5.355805243445693,5.76e-10,632802,Liu2019smkint,TRUE,reported,fLRAMd,2,TRUE,5e-8,NA,NA,TRUE
rs12112638,G,A,G,A,-0.0108,0.005563,0.275,0.255907,FALSE,FALSE,FALSE,pagCsV,0.004573,1.2164880822217363,0.2239,3146,Deming2017ab42,TRUE,reported,NA,NA,NA,NA,NA,NA,NA,0.00201,-5.373134328358209,1.3400000000000001e-9,632802,Liu2019smkint,TRUE,reported,fLRAMd,2,TRUE,5e-8,NA,NA,TRUE
rs12186738,T,G,T,G,-0.0133,0.0018280000000000002,0.154,0.149709,FALSE,FALSE,FALSE,pagCsV,0.005925,0.3085232067510549,0.7577,3146,Deming2017ab42,TRUE,reported,NA,NA,NA,NA,NA,NA,NA,0.00245,-5.428571428571429,3.42e-11,632802,Liu2019smkint,TRUE,reported,fLRAMd,2,TRUE,5e-8,NA,NA,TRUE
rs12333760,C,T,C,T,-0.0127,0.00428,0.204,0.171335,FALSE,FALSE,FALSE,pagCsV,0.0056170000000000005,0.7619725832294818,0.4462,3146,Deming2017ab42,TRUE,reported,TRUE,rs12333760,rs11976018,C,T,A,G,0.00238,-5.336134453781512,1.4400000000000002e-9,632802,Liu2019smkint,TRUE,reported,fLRAMd,2,TRUE,5e-8,NA,NA,TRUE
rs12356821,C,G,C,G,0.0141,9.44e-4,0.14,0.187454,FALSE,TRUE,FALSE,pagCsV,0.005841,0.1616161616161616,0.8716,3146,Deming2017ab42,TRUE,reported,NA,NA,NA,NA,NA,NA,NA,0.00256,5.507812499999999,6.2700000000000005e-15,632802,Liu2019smkint,TRUE,reported,fLRAMd,2,TRUE,5e-8,NA,NA,TRUE
rs12441907,A,C,A,C,-0.0127,-5.428999999999999e-4,0.186,0.192042,FALSE,FALSE,FALSE,pagCsV,0.005085,-0.10676499508357913,0.915,3146,Deming2017ab42,TRUE,reported,NA,NA,NA,NA,NA,NA,NA,0.00224,-5.669642857142858,1.06e-10,632802,Liu2019smkint,TRUE,reported,fLRAMd,2,TRUE,5e-8,NA,NA,TRUE
rs12474587,T,G,T,G,0.0111,-0.003924,0.404,0.390972,FALSE,FALSE,FALSE,pagCsV,0.004062,-0.9660265878877402,0.3341,3146,Deming2017ab42,TRUE,reported,NA,NA,NA,NA,NA,NA,NA,0.00179,6.201117318435755,1.25e-14,632802,Liu2019smkint,TRUE,reported,fLRAMd,2,TRUE,5e-8,NA,NA,TRUE
rs12545053,G,A,G,A,0.0103,-0.0034490000000000002,0.397,0.418693,FALSE,FALSE,FALSE,pagCsV,0.004203,-0.8206043302403045,0.41200000000000003,3146,Deming2017ab42,TRUE,reported,NA,NA,NA,NA,NA,NA,NA,0.0018100000000000002,5.69060773480663,2.4300000000000003e-8,632802,Liu2019smkint,TRUE,reported,fLRAMd,2,TRUE,5e-8,NA,NA,TRUE
rs12632110,G,A,G,A,-0.0102,0.009537,0.647,0.673384,FALSE,FALSE,FALSE,pagCsV,0.004340999999999999,2.19696,0.02808,3146,Deming2017ab42,TRUE,reported,NA,NA,NA,NA,NA,NA,NA,0.00187,-5.454545454545455,4.78e-10,632802,Liu2019smkint,TRUE,reported,fLRAMd,2,TRUE,5e-8,NA,NA,TRUE
rs12662631,T,C,T,C,0.0111,0.006364,0.299,0.340851,FALSE,FALSE,FALSE,pagCsV,0.004521,1.4076531740765317,0.1593,3146,Deming2017ab42,TRUE,reported,NA,NA,NA,NA,NA,NA,NA,0.0019199999999999998,5.781250000000001,4.26e-8,632802,Liu2019smkint,TRUE,reported,fLRAMd,2,TRUE,5e-8,NA,NA,TRUE
rs12923427,T,C,T,C,-0.00996,-0.0017829999999999999,0.204,0.133867,FALSE,FALSE,FALSE,pagCsV,0.004797,-0.37169063998332286,0.7101,3146,Deming2017ab42,TRUE,reported,NA,NA,NA,NA,NA,NA,NA,0.00221,-4.506787330316742,4.440000000000001e-8,632802,Liu2019smkint,TRUE,reported,fLRAMd,2,TRUE,5e-8,NA,NA,TRUE
rs13030994,A,G,A,G,0.0157,-0.002506,0.485,0.4751,FALSE,FALSE,FALSE,pagCsV,0.004084,-0.6136141038197845,0.5395,3146,Deming2017ab42,TRUE,reported,NA,NA,NA,NA,NA,NA,NA,0.00176,8.920454545454545,3.56e-24,632802,Liu2019smkint,TRUE,reported,fLRAMd,2,TRUE,5e-8,NA,NA,TRUE
rs13136052,T,G,T,G,-0.00838,0.002255,0.407,0.428912,FALSE,FALSE,FALSE,pagCsV,0.004297,0.5247847335350245,0.5997,3146,Deming2017ab42,TRUE,reported,TRUE,rs13136052,rs6842742,T,G,A,T,0.00182,-4.604395604395605,3.35e-8,632802,Liu2019smkint,TRUE,reported,fLRAMd,2,TRUE,5e-8,NA,NA,TRUE
rs13261666,T,G,T,G,-0.0113,0.005631,0.522,0.539006,FALSE,FALSE,FALSE,pagCsV,0.004053,1.38934,0.1648,3146,Deming2017ab42,TRUE,reported,NA,NA,NA,NA,NA,NA,NA,0.00176,-6.420454545454545,3.9e-14,632802,Liu2019smkint,TRUE,reported,fLRAMd,2,TRUE,5e-8,NA,NA,TRUE
rs1343432,C,G,C,G,0.0104,0.001462,0.237,0.218056,FALSE,TRUE,FALSE,pagCsV,0.0048909999999999995,0.2989163770190145,0.7651,3146,Deming2017ab42,TRUE,reported,NA,NA,NA,NA,NA,NA,NA,0.0021100000000000003,4.9289099526066344,2e-8,632802,Liu2019smkint,TRUE,reported,fLRAMd,2,TRUE,5e-8,NA,NA,TRUE
rs134529,C,T,C,T,-0.00809,0.001462,0.349,0.317371,FALSE,FALSE,FALSE,pagCsV,0.004299,0.34007908816003724,0.7338,3146,Deming2017ab42,TRUE,reported,NA,NA,NA,NA,NA,NA,NA,0.00182,-4.445054945054945,4.85e-8,632802,Liu2019smkint,TRUE,reported,fLRAMd,2,TRUE,5e-8,NA,NA,TRUE
rs1355334,A,T,A,T,0.0103,0.002573,0.683,0.671506,FALSE,TRUE,FALSE,pagCsV,0.004295,0.599069,0.5492,3146,Deming2017ab42,TRUE,reported,NA,NA,NA,NA,NA,NA,NA,0.00187,5.508021390374332,9.590000000000001e-11,632802,Liu2019smkint,TRUE,reported,fLRAMd,2,TRUE,5e-8,NA,NA,TRUE
rs1385108,T,C,T,C,0.0121,-0.0073939999999999995,0.239,0.248451,FALSE,FALSE,FALSE,pagCsV,0.004814,-1.5359368508516826,0.1247,3146,Deming2017ab42,TRUE,reported,NA,NA,NA,NA,NA,NA,NA,0.00207,5.845410628019324,3e-9,632802,Liu2019smkint,TRUE,reported,fLRAMd,2,TRUE,5e-8,NA,NA,TRUE
rs1435741,A,G,A,G,0.0134,-4.503e-4,0.425,0.392624,FALSE,FALSE,FALSE,pagCsV,0.004085,-0.11023255813953488,0.9122,3146,Deming2017ab42,TRUE,reported,NA,NA,NA,NA,NA,NA,NA,0.0017800000000000001,7.52808988764045,2.64e-16,632802,Liu2019smkint,TRUE,reported,fLRAMd,2,TRUE,5e-8,NA,NA,TRUE
rs1445649,C,T,C,T,0.00951,-0.001919,0.525,0.561228,FALSE,FALSE,FALSE,pagCsV,0.00405,-0.473827,0.6356,3146,Deming2017ab42,TRUE,reported,NA,NA,NA,NA,NA,NA,NA,0.0017699999999999999,5.372881355932203,1.68e-11,632802,Liu2019smkint,TRUE,reported,fLRAMd,2,TRUE,5e-8,NA,NA,TRUE
rs1518393,C,A,C,A,0.00903,0.00331,0.631,0.56992,FALSE,FALSE,FALSE,pagCsV,0.00417,0.793765,0.4274,3146,Deming2017ab42,TRUE,reported,NA,NA,NA,NA,NA,NA,NA,0.00185,4.8810810810810805,2.0299999999999996e-8,632802,Liu2019smkint,TRUE,reported,fLRAMd,2,TRUE,5e-8,NA,NA,TRUE
rs1555445,T,A,T,A,0.009179999999999999,-6.635e-4,0.337,0.398856,FALSE,TRUE,FALSE,pagCsV,0.004409000000000001,-0.1504876389203901,0.8804,3146,Deming2017ab42,TRUE,reported,TRUE,rs1555445,rs1810635,T,A,T,A,0.0019100000000000002,4.806282722513088,3.65e-9,632802,Liu2019smkint,TRUE,reported,fLRAMd,2,TRUE,5e-8,NA,NA,TRUE
rs1565735,A,T,A,T,-0.0176,-0.0029620000000000002,0.212,0.191748,FALSE,TRUE,FALSE,pagCsV,0.005235,-0.5658070678127985,0.5715,3146,Deming2017ab42,TRUE,reported,NA,NA,NA,NA,NA,NA,NA,0.00227,-7.75330396475771,3.42e-17,632802,Liu2019smkint,TRUE,reported,fLRAMd,2,TRUE,5e-8,NA,NA,TRUE
rs17234745,C,T,C,T,-0.0106,0.003961,0.153,0.191455,FALSE,FALSE,FALSE,pagCsV,0.005595,0.7079535299374441,0.4789,3146,Deming2017ab42,TRUE,reported,NA,NA,NA,NA,NA,NA,NA,0.00256,-4.140625,1.53e-8,632802,Liu2019smkint,TRUE,reported,fLRAMd,2,TRUE,5e-8,NA,NA,TRUE
rs17534089,G,A,G,A,-0.0149,0.001786,0.124,0.116515,FALSE,FALSE,FALSE,pagCsV,0.005917,0.3018421497380429,0.7628,3146,Deming2017ab42,TRUE,reported,NA,NA,NA,NA,NA,NA,NA,0.00251,-5.936254980079681,5.01e-10,632802,Liu2019smkint,TRUE,reported,fLRAMd,2,TRUE,5e-8,NA,NA,TRUE
rs1899896,T,C,T,C,0.012,0.001524,0.286,0.334302,FALSE,FALSE,FALSE,pagCsV,0.004521,0.33709356337093566,0.7361,3146,Deming2017ab42,TRUE,reported,NA,NA,NA,NA,NA,NA,NA,0.0019399999999999999,6.185567010309279,1.0400000000000001e-11,632802,Liu2019smkint,TRUE,reported,fLRAMd,2,TRUE,5e-8,NA,NA,TRUE
rs1971318,T,C,T,C,0.0126,0.002689,0.141,0.17019,FALSE,FALSE,FALSE,pagCsV,0.005524,0.4867849384503982,0.6264,3146,Deming2017ab42,TRUE,reported,NA,NA,NA,NA,NA,NA,NA,0.00244,5.163934426229509,7.06e-9,632802,Liu2019smkint,TRUE,reported,fLRAMd,2,TRUE,5e-8,NA,NA,TRUE
rs2046850,T,C,T,C,-0.0108,-0.00688,0.187,0.238838,FALSE,FALSE,FALSE,pagCsV,0.005002,-1.3754498200719711,0.1691,3146,Deming2017ab42,TRUE,reported,NA,NA,NA,NA,NA,NA,NA,0.0022199999999999998,-4.864864864864866,3.03e-8,632802,Liu2019smkint,TRUE,reported,fLRAMd,2,TRUE,5e-8,NA,NA,TRUE
rs2050586,C,G,C,G,-0.00914,-0.002728,0.355,0.355797,FALSE,TRUE,FALSE,pagCsV,0.00415,-0.6573493975903615,0.511,3146,Deming2017ab42,TRUE,reported,NA,NA,NA,NA,NA,NA,NA,0.0018399999999999998,-4.967391304347827,3e-8,632802,Liu2019smkint,TRUE,reported,fLRAMd,2,TRUE,5e-8,NA,NA,TRUE
rs2107300,G,C,G,C,-0.0134,-0.002656,0.845,0.848803,FALSE,TRUE,FALSE,pagCsV,0.005901,-0.450093,0.6526,3146,Deming2017ab42,TRUE,reported,NA,NA,NA,NA,NA,NA,NA,0.00251,-5.338645418326693,3.27e-8,632802,Liu2019smkint,TRUE,reported,fLRAMd,2,TRUE,5e-8,NA,NA,TRUE
rs2186122,T,A,T,A,0.0125,-0.00288,0.561,0.584906,FALSE,TRUE,TRUE,pagCsV,0.004019,-0.716596,0.4737,3146,Deming2017ab42,TRUE,reported,NA,NA,NA,NA,NA,NA,NA,0.00179,6.983240223463688,3.61e-13,632802,Liu2019smkint,TRUE,reported,fLRAMd,2,FALSE,5e-8,NA,NA,NA
rs222449,T,A,T,A,-0.0115,0.00432,0.793,0.761977,FALSE,TRUE,FALSE,pagCsV,0.0049369999999999995,0.875025,0.3816,3146,Deming2017ab42,TRUE,reported,TRUE,rs222449,rs222443,T,A,C,G,0.0022,-5.227272727272727,1.08e-8,632802,Liu2019smkint,TRUE,reported,fLRAMd,2,TRUE,5e-8,NA,NA,TRUE
rs2276825,C,T,C,T,0.0103,0.007909000000000001,0.252,0.297892,FALSE,FALSE,FALSE,pagCsV,0.004656,1.6986683848797253,0.08951,3146,Deming2017ab42,TRUE,reported,NA,NA,NA,NA,NA,NA,NA,0.0020800000000000003,4.951923076923077,2.3799999999999998e-8,632802,Liu2019smkint,TRUE,reported,fLRAMd,2,TRUE,5e-8,NA,NA,TRUE
rs2344508,A,G,A,G,-0.00933,-0.005476,0.546,0.583454,FALSE,FALSE,FALSE,pagCsV,0.004145,-1.32111,0.1866,3146,Deming2017ab42,TRUE,reported,NA,NA,NA,NA,NA,NA,NA,0.0017800000000000001,-5.241573033707865,8.820000000000001e-10,632802,Liu2019smkint,TRUE,reported,fLRAMd,2,TRUE,5e-8,NA,NA,TRUE
rs2378662,A,G,A,G,0.008620000000000001,-0.004254,0.556,0.492199,FALSE,FALSE,FALSE,pagCsV,0.004208,-1.01093,0.3122,3146,Deming2017ab42,TRUE,reported,TRUE,rs2378662,rs10780649,A,G,G,T,0.0017800000000000001,4.842696629213483,4.1600000000000005e-9,632802,Liu2019smkint,TRUE,reported,fLRAMd,2,TRUE,5e-8,NA,NA,TRUE
rs240963,C,T,C,T,-0.0175,0.004494,0.836,0.837951,FALSE,FALSE,FALSE,pagCsV,0.0055060000000000005,0.816201,0.4145,3146,Deming2017ab42,TRUE,reported,NA,NA,NA,NA,NA,NA,NA,0.00242,-7.231404958677687,2.1600000000000002e-17,632802,Liu2019smkint,TRUE,reported,fLRAMd,2,TRUE,5e-8,NA,NA,TRUE
rs266047,A,G,A,G,-0.0134,-0.005737,0.529,0.536661,FALSE,FALSE,FALSE,pagCsV,0.004009,-1.43103,0.1525,3146,Deming2017ab42,TRUE,reported,NA,NA,NA,NA,NA,NA,NA,0.0017800000000000001,-7.52808988764045,3.36e-16,632802,Liu2019smkint,TRUE,reported,fLRAMd,2,TRUE,5e-8,NA,NA,TRUE
rs27003,C,T,C,T,0.0119,0.001255,0.682,0.618195,FALSE,FALSE,FALSE,pagCsV,0.004543,0.276249,0.7824,3146,Deming2017ab42,TRUE,reported,NA,NA,NA,NA,NA,NA,NA,0.0019199999999999998,6.197916666666668,2.64e-10,632802,Liu2019smkint,TRUE,reported,fLRAMd,2,TRUE,5e-8,NA,NA,TRUE
rs292071,C,T,C,T,0.0103,-0.001173,0.244,0.230239,FALSE,FALSE,FALSE,pagCsV,0.004838,-0.2424555601488218,0.8085,3146,Deming2017ab42,TRUE,reported,NA,NA,NA,NA,NA,NA,NA,0.00198,5.202020202020202,4.08e-9,632802,Liu2019smkint,TRUE,reported,fLRAMd,2,TRUE,5e-8,NA,NA,TRUE
rs3001723,A,G,A,G,0.0148,7.181e-4,0.321,0.270727,FALSE,FALSE,FALSE,pagCsV,0.004442,0.1616614137775777,0.8716,3146,Deming2017ab42,TRUE,reported,NA,NA,NA,NA,NA,NA,NA,0.0019199999999999998,7.708333333333334,8.12e-18,632802,Liu2019smkint,TRUE,reported,fLRAMd,2,TRUE,5e-8,NA,NA,TRUE
rs301805,G,T,G,T,0.0103,-0.001241,0.559,0.593137,FALSE,FALSE,FALSE,pagCsV,0.004027,-0.30817,0.7579,3146,Deming2017ab42,TRUE,reported,NA,NA,NA,NA,NA,NA,NA,0.0018,5.722222222222222,2.8000000000000003e-9,632802,Liu2019smkint,TRUE,reported,fLRAMd,2,TRUE,5e-8,NA,NA,TRUE
rs35702515,T,G,T,G,0.0106,-0.004161,0.162,0.172164,FALSE,FALSE,FALSE,pagCsV,0.005163,-0.8059267867518883,0.4203,3146,Deming2017ab42,TRUE,reported,NA,NA,NA,NA,NA,NA,NA,0.00213,4.976525821596244,2.43e-9,632802,Liu2019smkint,TRUE,reported,fLRAMd,2,TRUE,5e-8,NA,NA,TRUE
rs3800227,G,A,G,A,0.0101,-0.001876,0.701,0.660124,FALSE,FALSE,FALSE,pagCsV,0.00446,-0.420628,0.674,3146,Deming2017ab42,TRUE,reported,TRUE,rs3800227,rs3800229,G,A,T,G,0.00202,5,1.93e-8,632802,Liu2019smkint,TRUE,reported,fLRAMd,2,TRUE,5e-8,NA,NA,TRUE
rs3904512,A,G,A,G,-0.00867,-0.005116,0.429,0.419773,FALSE,FALSE,FALSE,pagCsV,0.004118,-1.2423506556580863,0.2141,3146,Deming2017ab42,TRUE,reported,NA,NA,NA,NA,NA,NA,NA,0.0017699999999999999,-4.898305084745763,3.2299999999999994e-9,632802,Liu2019smkint,TRUE,reported,fLRAMd,2,TRUE,5e-8,NA,NA,TRUE
rs4044321,G,A,G,A,-0.0131,-0.008159,0.642,0.676182,FALSE,FALSE,FALSE,pagCsV,0.004157,-1.96271,0.04977,3146,Deming2017ab42,TRUE,reported,NA,NA,NA,NA,NA,NA,NA,0.00185,-7.081081081081081,6.08e-14,632802,Liu2019smkint,TRUE,reported,fLRAMd,2,TRUE,5e-8,NA,NA,TRUE
rs4236259,G,T,G,T,-0.0114,-0.004104,0.499,0.450418,FALSE,FALSE,FALSE,pagCsV,0.004143,-0.9905865314989138,0.3221,3146,Deming2017ab42,TRUE,reported,TRUE,rs4236259,rs4725308,G,T,A,G,0.0018,-6.333333333333334,3.35e-12,632802,Liu2019smkint,TRUE,reported,fLRAMd,2,TRUE,5e-8,NA,NA,TRUE
rs4523689,G,A,G,A,-0.00757,0.004149,0.408,0.433297,FALSE,FALSE,FALSE,pagCsV,0.004243,0.9778458637756303,0.3282,3146,Deming2017ab42,TRUE,reported,NA,NA,NA,NA,NA,NA,NA,0.0018100000000000002,-4.18232044198895,1.55e-8,632802,Liu2019smkint,TRUE,reported,fLRAMd,2,TRUE,5e-8,NA,NA,TRUE
rs4543592,C,T,C,T,0.008870000000000001,0.010209999999999999,0.468,0.458984,FALSE,FALSE,FALSE,pagCsV,0.0041660000000000004,2.4507921267402777,0.01431,3146,Deming2017ab42,TRUE,reported,NA,NA,NA,NA,NA,NA,NA,0.0017699999999999999,5.01129943502825,7.46e-10,632802,Liu2019smkint,TRUE,reported,fLRAMd,2,TRUE,5e-8,NA,NA,TRUE
rs4549681,G,A,G,A,-0.00955,-0.007359,0.525,0.573653,FALSE,FALSE,FALSE,pagCsV,0.00411,-1.79051,0.0735,3146,Deming2017ab42,TRUE,reported,NA,NA,NA,NA,NA,NA,NA,0.0017800000000000001,-5.365168539325842,2.29e-10,632802,Liu2019smkint,TRUE,reported,fLRAMd,2,TRUE,5e-8,NA,NA,TRUE
rs4571506,T,C,T,C,-0.0126,-0.0037920000000000002,0.492,0.449945,FALSE,FALSE,FALSE,pagCsV,0.004027,-0.9416439036503601,0.3464,3146,Deming2017ab42,TRUE,reported,NA,NA,NA,NA,NA,NA,NA,0.0017699999999999999,-7.118644067796611,1.09e-14,632802,Liu2019smkint,TRUE,reported,fLRAMd,2,TRUE,5e-8,NA,NA,TRUE
rs4674993,G,A,G,A,-0.0112,-0.006321,0.207,0.202614,FALSE,FALSE,FALSE,pagCsV,0.005307,-1.1910684002261165,0.2337,3146,Deming2017ab42,TRUE,reported,NA,NA,NA,NA,NA,NA,NA,0.0022,-5.090909090909091,1.32e-8,632802,Liu2019smkint,TRUE,reported,fLRAMd,2,TRUE,5e-8,NA,NA,TRUE
rs4785836,C,T,C,T,-0.00966,-0.003995,0.398,0.406136,FALSE,FALSE,FALSE,pagCsV,0.004195,-0.9523241954707986,0.3409,3146,Deming2017ab42,TRUE,reported,NA,NA,NA,NA,NA,NA,NA,0.00182,-5.3076923076923075,2.2599999999999997e-8,632802,Liu2019smkint,TRUE,reported,fLRAMd,2,TRUE,5e-8,NA,NA,TRUE
rs56820925,T,C,T,C,-0.0104,0.00577,0.347,0.41328,FALSE,FALSE,FALSE,pagCsV,0.004147,1.3913672534362191,0.1642,3146,Deming2017ab42,TRUE,reported,NA,NA,NA,NA,NA,NA,NA,0.0018399999999999998,-5.6521739130434785,1.73e-8,632802,Liu2019smkint,TRUE,reported,fLRAMd,2,TRUE,5e-8,NA,NA,TRUE
rs6050446,G,A,G,A,0.0315,-0.01724,0.978,0.972283,FALSE,FALSE,FALSE,pagCsV,0.012490000000000001,-1.3803,0.1677,3146,Deming2017ab42,TRUE,reported,NA,NA,NA,NA,NA,NA,NA,0.00527,5.977229601518026,1.56e-8,632802,Liu2019smkint,TRUE,reported,fLRAMd,2,TRUE,5e-8,NA,NA,TRUE
rs62098013,A,G,A,G,0.0109,-0.001744,0.346,0.415939,FALSE,FALSE,FALSE,pagCsV,0.004337,-0.4021212819921605,0.6876,3146,Deming2017ab42,TRUE,reported,TRUE,rs62098013,rs56027651,A,G,A,T,0.00187,5.828877005347594,3.6600000000000003e-8,632802,Liu2019smkint,TRUE,reported,fLRAMd,2,TRUE,5e-8,NA,NA,TRUE
rs6265,T,C,T,C,-0.014,-0.0028,0.203,0.16364,FALSE,FALSE,FALSE,pagCsV,0.005251,-0.5332317653780233,0.594,3146,Deming2017ab42,TRUE,reported,NA,NA,NA,NA,NA,NA,NA,0.00224,-6.250000000000001,3.77e-12,632802,Liu2019smkint,TRUE,reported,fLRAMd,2,TRUE,5e-8,NA,NA,TRUE
rs6433897,C,T,C,T,0.00999,0.002562,0.754,0.762527,FALSE,FALSE,FALSE,pagCsV,0.004683,0.547085,0.5844,3146,Deming2017ab42,TRUE,reported,NA,NA,NA,NA,NA,NA,NA,0.00203,4.921182266009852,3.16e-8,632802,Liu2019smkint,TRUE,reported,fLRAMd,2,TRUE,5e-8,NA,NA,TRUE
rs6508144,G,C,G,C,-0.00883,-0.003887,0.563,0.536182,FALSE,TRUE,TRUE,pagCsV,0.004082,-0.952229,0.3411,3146,Deming2017ab42,TRUE,reported,NA,NA,NA,NA,NA,NA,NA,0.0018,-4.905555555555555,7.970000000000001e-9,632802,Liu2019smkint,TRUE,reported,fLRAMd,2,FALSE,5e-8,NA,NA,NA
rs6669839,T,C,T,C,0.0123,-0.004568,0.204,0.18809,FALSE,FALSE,FALSE,pagCsV,0.004947,-0.9233879118657773,0.3559,3146,Deming2017ab42,TRUE,reported,NA,NA,NA,NA,NA,NA,NA,0.00218,5.6422018348623855,3.3600000000000004e-9,632802,Liu2019smkint,TRUE,reported,fLRAMd,2,TRUE,5e-8,NA,NA,TRUE
rs6728726,C,T,C,T,0.0158,-0.006253,0.829,0.833273,FALSE,FALSE,FALSE,pagCsV,0.005229,-1.19583,0.2318,3146,Deming2017ab42,TRUE,reported,NA,NA,NA,NA,NA,NA,NA,0.00235,6.723404255319149,6.73e-14,632802,Liu2019smkint,TRUE,reported,fLRAMd,2,TRUE,5e-8,NA,NA,TRUE
rs6788098,T,A,T,A,-0.0126,-0.003341,0.623,0.686841,FALSE,TRUE,FALSE,pagCsV,0.0041789999999999996,-0.799474,0.424,3146,Deming2017ab42,TRUE,reported,NA,NA,NA,NA,NA,NA,NA,0.00183,-6.885245901639344,1.9100000000000002e-17,632802,Liu2019smkint,TRUE,reported,fLRAMd,2,TRUE,5e-8,NA,NA,TRUE
rs6893752,G,A,G,A,-0.0102,0.003705,0.766,0.744731,FALSE,FALSE,FALSE,pagCsV,0.004817,0.769151,0.4419,3146,Deming2017ab42,TRUE,reported,NA,NA,NA,NA,NA,NA,NA,0.00201,-5.074626865671642,3.25e-9,632802,Liu2019smkint,TRUE,reported,fLRAMd,2,TRUE,5e-8,NA,NA,TRUE
rs7024924,C,T,C,T,0.0106,0.007654,0.188,0.154671,FALSE,FALSE,FALSE,pagCsV,0.005399,1.41766993887757,0.1564,3146,Deming2017ab42,TRUE,reported,NA,NA,NA,NA,NA,NA,NA,0.00235,4.51063829787234,3.96e-8,632802,Liu2019smkint,TRUE,reported,fLRAMd,2,TRUE,5e-8,NA,NA,TRUE
rs7197072,T,C,T,C,-0.009859999999999999,0.004159,0.238,0.278811,FALSE,FALSE,FALSE,pagCsV,0.004822,0.8625051845707177,0.3885,3146,Deming2017ab42,TRUE,reported,NA,NA,NA,NA,NA,NA,NA,0.00206,-4.7864077669902905,2.7699999999999997e-9,632802,Liu2019smkint,TRUE,reported,fLRAMd,2,TRUE,5e-8,NA,NA,TRUE
rs7224742,T,C,T,C,-0.00808,-0.004053,0.595,0.58194,FALSE,FALSE,FALSE,pagCsV,0.004164,-0.973343,0.3304,3146,Deming2017ab42,TRUE,reported,NA,NA,NA,NA,NA,NA,NA,0.00182,-4.43956043956044,1.4299999999999999e-8,632802,Liu2019smkint,TRUE,reported,fLRAMd,2,TRUE,5e-8,NA,NA,TRUE
rs74373890,G,C,G,C,-0.022,0.013969999999999998,0.0375,0.0414855,FALSE,TRUE,FALSE,pagCsV,0.010790000000000001,1.2947173308619089,0.1956,3146,Deming2017ab42,TRUE,reported,NA,NA,NA,NA,NA,NA,NA,0.00436,-5.045871559633027,3.08e-9,632802,Liu2019smkint,TRUE,reported,fLRAMd,2,TRUE,5e-8,NA,NA,TRUE
rs7555507,T,C,T,C,-0.0108,-0.006801000000000001,0.496,0.514519,FALSE,FALSE,FALSE,pagCsV,0.003987,-1.705793829947329,0.0882,3146,Deming2017ab42,TRUE,reported,NA,NA,NA,NA,NA,NA,NA,0.0017699999999999999,-6.101694915254238,1.1399999999999999e-11,632802,Liu2019smkint,TRUE,reported,fLRAMd,2,TRUE,5e-8,NA,NA,TRUE
rs7585579,G,C,G,C,0.00792,9.898e-4,0.505,0.555294,FALSE,TRUE,TRUE,pagCsV,0.004065999999999999,0.243433,0.8077,3146,Deming2017ab42,TRUE,reported,NA,NA,NA,NA,NA,NA,NA,0.00179,4.424581005586592,1.88e-9,632802,Liu2019smkint,TRUE,reported,fLRAMd,2,FALSE,5e-8,NA,NA,NA
rs76214862,C,A,C,A,-0.012,0.002282,0.202,0.194233,FALSE,FALSE,FALSE,pagCsV,0.005173,0.4411366711772666,0.6592,3146,Deming2017ab42,TRUE,reported,NA,NA,NA,NA,NA,NA,NA,0.00227,-5.286343612334802,3.99e-8,632802,Liu2019smkint,TRUE,reported,fLRAMd,2,TRUE,5e-8,NA,NA,TRUE
rs7631735,T,G,T,G,0.00856,-0.00288,0.603,0.619964,FALSE,FALSE,FALSE,pagCsV,0.004256,-0.676692,0.4987,3146,Deming2017ab42,TRUE,reported,NA,NA,NA,NA,NA,NA,NA,0.0018100000000000002,4.729281767955801,2.7900000000000002e-8,632802,Liu2019smkint,TRUE,reported,fLRAMd,2,TRUE,5e-8,NA,NA,TRUE
rs7921378,C,G,C,G,-0.0125,-0.002996,0.463,0.453307,FALSE,TRUE,TRUE,pagCsV,0.004069,0.736298844925043,0.4615,3146,Deming2017ab42,TRUE,reported,NA,NA,NA,NA,NA,NA,NA,0.0017800000000000001,-7.022471910112359,8.26e-13,632802,Liu2019smkint,TRUE,reported,fLRAMd,2,FALSE,5e-8,NA,NA,NA
rs7929518,G,A,G,A,0.0113,-0.001664,0.765,0.781284,FALSE,FALSE,FALSE,pagCsV,0.004804999999999999,-0.346306,0.7292,3146,Deming2017ab42,TRUE,reported,NA,NA,NA,NA,NA,NA,NA,0.00212,5.330188679245283,1.56e-8,632802,Liu2019smkint,TRUE,reported,fLRAMd,2,TRUE,5e-8,NA,NA,TRUE
rs7938812,G,T,G,T,0.0185,-0.001109,0.424,0.52665,FALSE,FALSE,FALSE,pagCsV,0.004065999999999999,-0.2727496310870635,0.7851,3146,Deming2017ab42,TRUE,reported,NA,NA,NA,NA,NA,NA,NA,0.0018,10.277777777777777,2.71e-33,632802,Liu2019smkint,TRUE,reported,fLRAMd,2,TRUE,5e-8,NA,NA,TRUE
rs7947218,A,C,A,C,-0.00891,-0.006138,0.357,0.373908,FALSE,FALSE,FALSE,pagCsV,0.00426,-1.4408450704225353,0.1498,3146,Deming2017ab42,TRUE,reported,NA,NA,NA,NA,NA,NA,NA,0.0018600000000000001,-4.790322580645161,6.37e-9,632802,Liu2019smkint,TRUE,reported,fLRAMd,2,TRUE,5e-8,NA,NA,TRUE
rs7969559,G,A,G,A,-0.00965,-0.00303,0.688,0.734256,FALSE,FALSE,FALSE,pagCsV,0.004461,-0.67922,0.4971,3146,Deming2017ab42,TRUE,reported,NA,NA,NA,NA,NA,NA,NA,0.00197,-4.898477157360406,7.31e-10,632802,Liu2019smkint,TRUE,reported,fLRAMd,2,TRUE,5e-8,NA,NA,TRUE
rs846799,G,A,G,A,-0.009170000000000001,-0.0034630000000000004,0.495,0.481724,FALSE,FALSE,FALSE,pagCsV,0.004032,-0.8588789682539684,0.3906,3146,Deming2017ab42,TRUE,reported,NA,NA,NA,NA,NA,NA,NA,0.0017800000000000001,-5.151685393258427,3.87e-9,632802,Liu2019smkint,TRUE,reported,fLRAMd,2,TRUE,5e-8,NA,NA,TRUE
rs9401770,A,G,A,G,0.0107,-0.0028899999999999998,0.273,0.286933,FALSE,FALSE,FALSE,pagCsV,0.004435000000000001,-0.6516347237880494,0.5147,3146,Deming2017ab42,TRUE,reported,NA,NA,NA,NA,NA,NA,NA,0.00198,5.404040404040404,3.4700000000000004e-12,632802,Liu2019smkint,TRUE,reported,fLRAMd,2,TRUE,5e-8,NA,NA,TRUE
rs9540729,T,A,T,A,-0.00784,0.002483,0.501,0.502,FALSE,TRUE,TRUE,pagCsV,0.004057,-0.612029,0.5406,3146,Deming2017ab42,TRUE,reported,NA,NA,NA,NA,NA,NA,NA,0.00176,-4.454545454545454,3.82e-8,632802,Liu2019smkint,TRUE,reported,fLRAMd,2,FALSE,5e-8,NA,NA,NA
rs993700,C,T,C,T,-0.012,0.00353,0.766,0.767404,FALSE,FALSE,FALSE,pagCsV,0.004889,0.722029,0.4702,3146,Deming2017ab42,TRUE,reported,NA,NA,NA,NA,NA,NA,NA,0.00213,-5.633802816901409,1.5299999999999999e-9,632802,Liu2019smkint,TRUE,reported,fLRAMd,2,TRUE,5e-8,NA,NA,TRUE
